                    DE_best   DE_rand   PSO        SOMA_ATA   SOMA_ATO
ackley              4.00      5.00      3.00       1.00       2.00
griewank            5.00      4.00      2.67       2.33       1.00
levy                5.00      3.67      2.00       2.00       2.33
michalewicz         5.00      4.00      3.00       1.00       2.00
dixonprice          5.00      4.00      2.67       1.33       2.00
perm                5.00      4.00      3.00       2.00       1.00
powersum            5.00      4.00      3.00       1.67       1.33
rastrigin           5.00      4.00      3.00       1.67       1.33
rosenbrock          5.00      4.00      2.00       2.33       1.67
schwefel            4.33      3.33      4.33       1.33       1.67
trid                5.00      4.00      1.00       2.33       2.67
nesterov            5.00      4.00      1.00       2.67       2.33
alpine_n1           4.67      4.33      3.00       1.67       1.33
qing                5.00      4.00      2.67       1.33       2.00
salomon             5.00      4.00      2.67       1.67       1.67
styblinski          5.00      4.00      1.00       2.00       3.00
happy_cat           4.67      4.33      3.00       1.67       1.33
quartic             5.00      4.00      2.33       1.33       2.33
shubert_3           4.33      3.33      1.00       3.00       3.33
shubert_4           4.33      4.00      1.33       1.67       3.67
shubert             4.33      4.00      1.33       3.33       2.00
ackley_n4           5.00      4.00      2.33       2.33       1.33
alpine_n2           4.00      4.33      1.33       3.33       2.00
xin_she_yang_n2     5.00      4.00      2.67       1.00       2.33
xin_she_yang_n4     4.33      3.33      1.00       3.67       2.67



                    DE_best   DE_rand   PSO        SOMA_ATA   SOMA_ATO
ackley              4.00      5.00      3.00       1.00       2.00
griewank            5.00      4.00      3.00       2.00       1.00
levy                5.00      4.00      1.00       2.00       3.00
michalewicz         5.00      4.00      3.00       1.00       2.00
dixonprice          5.00      4.00      3.00       1.00       2.00
perm                5.00      4.00      3.00       2.00       1.00
powersum            5.00      4.00      3.00       2.00       1.00
rastrigin           5.00      4.00      3.00       2.00       1.00
rosenbrock          5.00      4.00      2.00       3.00       1.00
schwefel            5.00      3.00      4.00       1.00       2.00
trid                5.00      4.00      1.00       2.00       3.00
nesterov            5.00      4.00      1.00       3.00       2.00
alpine_n1           5.00      4.00      3.00       2.00       1.00
qing                5.00      4.00      3.00       1.00       2.00
salomon             5.00      4.00      3.00       1.00       2.00
styblinski          5.00      4.00      1.00       2.00       3.00
happy_cat           5.00      4.00      3.00       2.00       1.00
quartic             5.00      4.00      3.00       1.00       2.00
shubert_3           5.00      4.00      1.00       2.00       3.00
shubert_4           5.00      4.00      1.00       2.00       3.00
shubert             5.00      4.00      1.00       3.00       2.00
ackley_n4           5.00      4.00      3.00       2.00       1.00
alpine_n2           4.00      5.00      1.00       3.00       2.00
xin_she_yang_n2     5.00      4.00      3.00       1.00       2.00
xin_she_yang_n4     5.00      3.00      1.00       4.00       2.00